{
  "x": 54,
  "y": 3201.933349609375,
  "width": 167.31666564941406,
  "height": 44
}