{
  "x": 65.5,
  "y": 6285.64990234375,
  "width": 214,
  "height": 45.833343505859375
}