{
  "x": 65.5,
  "y": 7266.13330078125,
  "width": 214,
  "height": 45.83332824707031
}