{
  "x": 54,
  "y": 3201.933349609375,
  "width": 177.14999389648438,
  "height": 44
}