{
  "x": 54,
  "y": 1134.050048828125,
  "width": 1155,
  "height": 502.2833251953125
}